
strategic_region={
	id=118
	name="STRATEGICREGION_118"
	provinces={
		2661 2681 2699 2717 2722 2734 2735 2736 2737 2738 2754 2777 2782 2802 2803 2806 2807 2814 2826 2835 2843 2855 2865 2873 2879 2892 2893 2894 2932 2943 2948 2959 2960 2961 2971 2987 2995 2996 3009 3023 3035 3036 3052 3053 3062 3066 3079 3080 3112 3118 3119 3134 3139 3153 3163 3170 3176 3205 3216 3220 3232 3245 3250 3253 3293 3306 3328 3340 3342 3347 3348 3357 3372 3377 3392 3418 3423 3424 3438 3455 3467 3479 3483 3484 3492 3499 3523 3529 3536 3542 3543 3544 3548 3565 3566 3570 3600 3602 3621 3622 3642 3649 3650 3672 3688 3718 3743 3749 3802 3837 3846 3919 3949 
	}
	weather={
	}
}
