
strategic_region={
	id=120
	name="STRATEGICREGION_120"
	provinces={
		2037 2047 2099 2101 2131 2153 2165 2176 2177 2182 2190 2212 2223 2225 2234 2243 2256 2262 2263 2267 2290 2295 2296 2305 2307 2320 2321 2332 2341 2342 2346 2364 2365 2373 2379 2382 2386 2387 2394 2402 2408 2409 2432 2443 2444 2447 2450 2465 2466 2470 2477 2478 2509 2510 2511 2512 2521 2524 2535 2536 2542 2543 2544 2545 2551 2562 2568 2577 2597 2601 2608 2609 2625 2626 2627 2643 2652 2658 2664 2669 2670 2671 2672 2696 2700 2707 2708 2727 2743 2744 2752 2766 2788 2796 2830 2881 2907 
	}
	weather={
	}
}
