
strategic_region={
	id=125
	name="STRATEGICREGION_125"
	provinces={
		522 526 536 558 566 572 590 594 599 606 617 620 624 651 652 660 672 686 687 690 704 722 732 733 734 739 745 746 754 771 778 782 783 789 800 801 806 816 817 823 824 828 831 832 839 840 845 865 875 876 881 882 886 887 892 901 902 904 911 928 929 930 939 940 941 945 946 961 966 967 974 985 990 993 994 995 1001 1014 1016 1017 1018 1031 1034 1035 1040 1041 1053 1054 1058 1065 1074 1079 1089 1094 1098 1099 1100 1104 1111 1115 1134 1140 1141 1150 1151 1154 1159 1163 1168 1187 1188 1189 1192 1198 1212 1213 1218 1226 1230 1231 1244 1259 1266 1276 1277 1285 1294 1303 1315 1325 1328 1330 1347 1356 1363 1377 1399 1404 1405 1419 1421 1428 1430 1435 1447 1448 1451 1461 1489 1490 1491 1530 1536 1541 1591 1592 1612 
	}
	weather={
	}
}
