
strategic_region={
	id=134
	name="STRATEGICREGION_134"
	provinces={
		2951 2963 2998 3063 3076 3077 3141 3154 3182 3196 3228 3230 3271 3322 3323 3329 3330 3379 3390 3403 3426 3444 3475 3500 3501 3517 3527 3545 3554 3557 3571 3584 3585 3603 3609 3616 3627 3655 3666 3667 3668 3675 3689 3690 3700 3708 3745 3752 3758 3763 3780 3786 3793 3809 3810 3827 3850 3860 3867 3881 3889 3928 3972 3980 3981 3988 4063 4081 4113 4114 4155 4176 4184 4228 4277 4284 4321 4342 4343 4433 4447 4476 4488 4496 4560 4620 4633 4647 4791 4812 
	}
	weather={
	}
}
