
strategic_region={
	id=138
	name="STRATEGICREGION_138"
	provinces={
		2849 2886 2895 2962 2997 3024 3067 3071 3075 3120 3140 3147 3148 3149 3195 3210 3221 3222 3223 3227 3254 3270 3292 3301 3312 3313 3314 3321 3373 3378 3384 3388 3389 3393 3394 3443 3456 3457 3458 3493 3494 3495 3524 3537 3549 3550 3551 3567 3573 3631 3633 3634 3637 3651 3652 3653 3654 3674 3695 3704 3705 3719 3729 3730 3737 3744 3750 3762 3765 3779 3781 3798 3806 3847 3852 3865 3874 3892 3893 3911 3936 3950 3951 3954 3958 3959 3969 3978 3995 4003 4011 4031 
	}
	weather={
	}
}
