
strategic_region={
	id=141
	name="STRATEGICREGION_141"
	provinces={
		5561 5574 5650 5661 5674 5696 5707 5716 5730 5753 5763 5769 5776 5788 5798 5811 5823 5824 5831 5832 5840 5841 5870 5883 5884 5902 5924 5945 5946 5957 5965 5974 5982 5993 6000 6001 6013 6014 6019 6028 6029 6063 6064 6073 6087 6088 6095 6104 6105 6130 6131 6132 6133 6146 6158 6173 6174 6179 6185 6186 6193 6203 6218 6219 6226 6227 6234 6235 6248 6258 6266 6267 6268 6277 6305 6306 6307 6310 6311 6312 6316 6321 6322 6331 6350 6351 6358 6359 6360 6394 6395 6401 6402 6403 6418 6426 6427 6433 6434 6435 6460 6470 6483 6492 6493 6507 6517 6518 6527 6528 6536 6547 6548 6582 6583 6584 6604 6605 6611 6612 6621 6622 6628 6653 6654 6672 6673 6674 6689 6705 6737 
	}
	weather={
	}
}
