
strategic_region={
	id=147
	name="STRATEGICREGION_147"
	provinces={
		5092 5228 5317 5379 5465 5466 5500 5512 5530 5611 5621 5677 5699 5700 5747 5803 5835 5875 5885 5893 5932 6049 6077 6078 6122 6151 6152 6243 6260 6271 6334 6335 6344 6377 6430 6439 6464 6465 6477 6485 6510 6553 6563 6598 6616 6617 6643 6657 6680 6714 6719 6760 6774 6808 6809 6810 6823 6845 6896 6897 6904 6912 6913 6930 6931 6932 6949 6960 6967 6980 7002 7010 7011 7030 7039 7055 7083 7101 7119 7120 7133 7145 7170 7180 7181 7187 7198 7239 7294 7322 7323 7332 7348 7359 7401 7402 7414 7424 7468 7476 7487 7503 
	}
	weather={
	}
}
