
strategic_region={
	id=24
	name="STRATEGICREGION_24"
	provinces={
		7324 7337 7338 7364 7365 7379 7386 7393 7394 7451 7461 7482 7489 7490 7491 7510 7526 7539 7625 7626 7644 7645 7646 7674 7690 7708 7716 7730 7768 7769 7786 7800 7808 7830 7843 7850 7878 7898 7921 7933 7937 7938 7971 7972 7997 8020 8045 8046 8060 8061 8071 8094 8103 8127 8137 8138 8166 8167 8168 8190 8229 8240 8250 8251 8252 8272 8300 8314 8334 8356 8357 8376 8387 8406 8419 8426 8442 8443 8487 8488 8510 8511 8524 8525 8532 8607 8608 8617 8640 8648 8660 8682 8683 8702 8744 8768 8778 8786 8787 8816 8846 8858 8859 8891 8901 8902 8903 8933 8969 8983 9006 9029 9058 9069 9133 9146 9172 9239 9258 9259 9335 9350 9419 
	}
	weather={
	}
}
