
strategic_region={
	id=26
	name="STRATEGICREGION_26"
	provinces={
		10684 10685 10687 10692 10705 10715 10743 10770 10783 10788 10791 10806 10819 10824 10845 10859 10866 10871 10876 10900 10911 10916 10917 10939 10941 10949 10953 10957 10962 10968 10985 10992 11015 11026 11027 11039 11046 11059 11061 11066 11073 11091 11108 11115 11130 11132 11137 11140 11145 11146 11153 11162 11166 11176 11179 11184 11187 11188 11193 11199 11201 11208 11209 11213 11217 11224 11234 11236 11246 11250 11261 
	}
	weather={
	}
}
