
strategic_region={
	id=3
	name="STRATEGICREGION_3"
	provinces={
		8245 8286 8411 8450 8467 8483 8504 8538 8539 8569 8585 8599 8600 8624 8643 8644 8645 8679 8689 8690 8701 8710 8711 8725 8737 8762 8793 8805 8806 8821 8829 8841 8865 8866 8886 8887 8895 8910 8911 8926 8936 8937 8946 8955 8965 8966 8975 8976 9001 9002 9037 9054 9055 9065 9077 9078 9084 9085 9086 9087 9097 9104 9105 9118 9142 9183 9184 9185 9208 9209 9210 9211 9228 9229 9230 9236 9237 9243 9253 9279 9280 9287 9293 9343 9344 9345 9357 9370 9383 9384 9385 9392 9393 9394 9395 9396 9416 9426 9427 9434 9453 9466 9477 9497 9498 9507 9508 9521 9526 9527 9528 9529 9547 9548 9549 9550 9563 9564 9565 9573 9588 9615 9639 9650 9651 9652 9659 9668 9669 9683 9684 9706 9731 9765 9766 9767 9775 9795 9796 9810 9822 9906 9944 9951 9971 10024 10084 10103 10179 
	}
	weather={
	}
}
