
strategic_region={
	id=41
	name="STRATEGICREGION_41"
	provinces={
		3723 3725 3731 3773 3783 3794 3840 3855 3861 3898 3903 3938 3962 3966 3973 3989 4006 4012 4033 4036 4040 4041 4050 4051 4086 4090 4098 4120 4121 4125 4126 4148 4162 4170 4171 4177 4178 4179 4185 4195 4229 4236 4237 4238 4247 4248 4263 4271 4290 4291 4296 4305 4316 4345 4346 4374 4375 4393 4420 4434 4448 4456 4478 4489 4509 4517 4518 4528 4537 4561 4569 4570 4577 4654 4663 4677 4710 4711 4724 4731 4732 4742 4768 4813 4824 4840 4871 4872 4873 4879 4886 4900 4927 4936 4959 4997 5014 5025 5026 5076 5117 5147 5161 5194 5212 5246 5247 5353 5354 5362 5380 5412 5513 5536 5566 5594 5689 5721 5722 5737 5815 5876 5886 5894 6137 6138 6168 6169 6318 
	}
	weather={
	}
}
