1 53 
1 187 
1 241 
1 261 
1 287 
1 357 
1 364 
1 409 
1 423 
1 441 
1 513 
1 522 
1 552 
1 630 
1 655 
1 665 
1 669 
1 675 
1 701 
1 730 
1 737 
1 745 
1 758 
1 761 
1 775 
1 778 
1 841 
1 843 
1 844 
1 855 
1 868 
1 878 
1 888 
1 967 
1 985 
1 1009 
1 1022 
1 1052 
1 1082 
1 1093 
1 1193 
1 1211 
1 1257 
1 1281 
1 1293 
1 1311 
1 1334 
1 1345 
1 1428 
1 1482 
1 1508 
1 1530 
1 1579 
1 1616 
1 1661 
1 1664 
1 1705 
1 1725 
1 1753 
1 1775 
1 1779 
1 1815 
1 1823 
1 1830 
1 1860 
1 1867 
1 1935 
1 1943 
1 1954 
1 1984 
1 1995 
1 1999 
1 2013 
1 2028 
1 2160 
1 2181 
1 2213 
1 2236 
1 2245 
1 2254 
1 2269 
1 2280 
1 2306 
1 2320 
1 2326 
1 2412 
1 2477 
1 2492 
1 2526 
1 2626 
1 2628 
1 2728 
1 2747 
1 2759 
1 2769 
1 2799 
1 2828 
1 2956 
1 2994 
1 3010 
1 3034 
1 3063 
1 3066 
1 3102 
1 3141 
1 3147 
1 3152 
1 3252 
1 3280 
1 3339 
1 3366 
1 3380 
1 3418 
1 3501 
1 3510 
1 3528 
1 3612 
1 3783 
1 3793 
1 3866 
1 3887 
1 3898 
1 3965 
1 4007 
1 4015 
1 4028 
1 4203 
1 4244 
1 4259 
1 4274 
1 4288 
1 4305 
1 4349 
1 4373 
1 4405 
1 4407 
1 4554 
1 4577 
1 4605 
1 4651 
1 4715 
1 4720 
1 4758 
1 4774 
1 4796 
1 4810 
1 4819 
1 4905 
1 4906 
1 4907 
1 4948 
1 5092 
1 5135 
1 5177 
1 5199 
1 5220 
1 5239 
1 5274 
1 5334 
1 5366 
1 5493 
1 5549 
1 5566 
1 5615 
1 5663 
1 5670 
1 5678 
1 5751 
1 5773 
1 5785 
1 5824 
1 5850 
1 5914 
1 5917 
1 5985 
1 6040 
1 6084 
1 6152 
1 6210 
1 6257 
1 6268 
1 6310 
1 6317 
1 6345 
1 6432 
1 6442 
1 6447 
1 6450 
1 6485 
1 6495 
1 6570 
1 6575 
1 6583 
1 6611 
1 6655 
1 6684 
1 6721 
1 6861 
1 6877 
1 6956 
1 6958 
1 6960 
1 6976 
1 6990 
1 7026 
1 7105 
1 7106 
1 7177 
1 7181 
1 7236 
1 7267 
1 7283 
1 7331 
1 7340 
1 7368 
1 7375 
1 7419 
1 7423 
1 7438 
1 7505 
1 7574 
1 7580 
1 7612 
1 7697 
1 7699 
1 7721 
1 7746 
1 8000 
1 8084 
1 8137 
1 8158 
1 8224 
1 8225 
1 8230 
1 8265 
1 8317 
1 8320 
1 8358 
1 8459 
1 8546 
1 8555 
1 8579 
1 8581 
1 8621 
1 8645 
1 8691 
1 8750 
1 8804 
1 8854 
1 8907 
1 9072 
1 9083 
1 9135 
1 9251 
1 9270 
1 9355 
1 9373 
1 9394 
1 9414 
1 9440 
1 9471 
1 9608 
1 9614 
1 9793 
1 9811 
1 9847 
1 9944 
1 10013 
1 10017 
1 10041 
1 10067 
1 10096 
1 10112 
1 10120 
1 10166 
1 10321 
1 10431 
1 10517 
1 10529 
1 10568 
1 10601 
1 10612 
1 10619 
1 10630 
1 10660 
1 10681 
1 10745 
1 10752 
1 10817 
1 10913 
1 10924 
1 10972 
1 10985 
1 11010 
1 11050 
1 11127 
1 11188 
